3	1
11	13
14	18
19	28
21	31
30	43
4	44
33	47
34	48
36	50
38	52
38	53
39	54
25	56
40	59
47	71
20	76
38	80
25	81
38	83
4	84
56	93
12	96
58	97
37	100
58	105
30	111
46	117
66	119
67	120
72	127
73	128
75	132
79	139
86	151
37	152
92	163
92	164
97	168
37	172
37	175
25	178
4	180
92	187
4	189
97	193
106	200
59	202
111	207
114	210
106	213
54	219
105	230
120	233
125	244
128	249
130	251
29	256
135	259
138	262
138	263
140	265
141	267
142	270
7	274
147	282
7	285
48	291
148	292
149	297
28	301
140	303
146	309
150	311
71	314
140	318
19	323
156	325
33	330
92	345
92	349
166	353
167	355
169	359
171	361
171	362
8	364
7	365
146	370
174	372
129	373
146	384
153	386
3	390
3	391
3	396
182	398
9	399
183	400
184	401
155	402
148	404
186	411
186	415
188	416
27	426
38	427
79	429
7	431
194	434
194	435
49	440
198	443
51	445
36	448
203	452
206	459
135	470
212	471
55	475
55	476
217	481
220	486
222	492
222	494
51	495
56	503
56	504
199	506
155	507
226	511
140	514
140	519
54	520
229	527
7	531
220	534
10	538
39	539
67	591
11	596
258	605
24	608
263	617
27	625
269	634
148	635
270	638
272	646
272	647
93	652
272	655
27	657
85	661
27	665
273	669
148	674
275	675
190	679
148	683
49	688
85	689
17	696
280	701
282	703
4	704
286	712
290	717
292	719
93	727
295	740
307	763
18	764
308	767
18	768
295	779
55	782
135	788
314	789
17	793
84	794
319	798
79	804
326	809
279	812
1	814
1	821
9	826
71	831
111	837
203	841
135	851
46	879
286	886
351	900
96	901
353	906
334	908
130	909
354	910
48	917
18	919
43	925
210	929
350	936
361	939
363	944
364	947
366	950
281	951
1	964
1	965
148	973
111	975
111	977
374	983
379	991
54	995
106	1003
210	1013
147	1017
155	1023
389	1028
71	1035
46	1056
286	1061
106	1072
37	1076
54	1079
210	1087
169	1112
203	1114
67	1118
48	1123
68	1124
275	1131
412	1143
146	1150
54	1154
417	1157
419	1164
281	1169
425	1175
27	1176
314	1177
27	1183
422	1185
286	1187
314	1199
34	1200
432	1202
27	1211
196	1214
43	1217
171	1226
79	1233
416	1236
275	1239
69	1252
69	1254
140	1258
314	1259
43	1270
229	1287
445	1291
406	1293
1	1322
168	1339
429	1341
128	1360
467	1364
220	1369
132	1372
37	1385
464	1387
1	1391
1	1392
1	1398
128	1410
1	1412
481	1421
365	1429
365	1431
365	1432
485	1436
85	1445
163	1452
182	1457
194	1463
432	1473
495	1487
48	1489
196	1503
141	1504
36	1510
36	1511
279	1512
314	1517
504	1518
507	1524
248	1526
52	1537
513	1543
515	1548
515	1550
515	1554
489	1576
334	1577
171	1581
43	1583
245	1590
526	1592
509	1593
1	1618
548	1624
57	1626
557	1635
443	1732
75	1735
432	1754
43	1817
290	1858
256	1904
757	1990
764	2006
765	2007
770	2015
245	2086
461	2092
432	2109
810	2110
54	2111
1	2113
578	2121
432	2158
829	2159
840	2182
869	2226
578	2321
283	2390
994	2393
1046	2473
1074	2522
840	2524
279	2550
279	2551
279	2593
764	2607
764	2608
279	2650
847	2661
279	2830
416	2861
289	2980
1354	3002
677	3035
523	3044
289	3067
334	3109
334	3110
334	3111
334	3112
334	3113
421	3120
1324	3122
1354	3130
1423	3131
1426	3136
148	3162
1317	3163
1477	3224
1477	3233
1324	3237
1491	3270
1502	3298
1511	3318
1339	3351
1535	3366
1551	3405
1599	3485
1602	3495
1602	3511
190	3532
1339	3544
37	3591
1605	3598
1466	3624
1664	3626
1674	3641
283	3647
757	3672
420	3684
1700	3688
1701	3693
1092	3709
1704	3713
1708	3719
1711	3723
259	3731
523	3735
722	3764
285	3839
1760	3840
238	3842
301	3847
1767	3857
1769	3861
1317	3864
420	3875
1789	3898
1792	3905
1813	3934
973	3943
1826	3956
1826	3957
869	3958
869	3984
1359	3986
1858	4012
259	4026
578	4037
924	4046
1873	4050
1891	4087
1894	4093
1894	4094
445	4142
1915	4179
1915	4180
1946	4213
1958	4237
1551	4259
1551	4260
1969	4267
1969	4268
924	4290
1990	4309
416	4310
1994	4317
1991	4322
2000	4327
1999	4328
1826	4331
2072	4481
543	4486
1648	4508
148	4544
1418	4556
208	4560
2116	4562
1825	4577
2139	4598
79	4633
2173	4679
2173	4761
2200	4762
2200	4783
2214	4791
1681	4810
295	4812
2000	4814
2214	4820
2235	4853
2258	4895
85	4914
8	4922
2285	4955
329	4959
2314	5013
1991	5081
1947	5082
677	5096
2353	5102
1418	5187
1793	5210
2428	5215
132	5243
1871	5310
2475	5318
2479	5324
2481	5326
320	5331
2492	5360
2498	5373
2500	5377
295	5379
2502	5380
2505	5383
2506	5386
2487	5426
2544	5469
2294	5470
2455	5477
2552	5479
2554	5483
2557	5489
2428	5494
2567	5511
2569	5513
2570	5515
2573	5522
1894	5527
1551	5539
2587	5543
2554	5550
1825	5556
2554	5561
2592	5566
1894	5569
2604	5581
1894	5583
1894	5586
514	5588
2610	5593
2267	5595
2616	5601
2620	5605
2621	5607
2588	5609
149	5612
2625	5614
2621	5624
208	5631
2646	5646
2562	5655
2116	5657
2648	5659
2648	5660
2648	5662
2615	5666
2656	5671
2662	5678
2664	5680
2267	5688
2615	5692
2542	5693
2674	5711
2454	5716
499	5739
2554	5740
2691	5742
52	5745
2694	5747
2697	5756
2588	5757
2554	5759
2554	5760
2554	5761
2554	5762
2700	5763
2691	5768
2704	5772
2706	5777
2716	5791
62	5796
351	5802
2728	5824
2265	5825
2732	5833
1996	5835
499	5837
2734	5839
2570	5846
2748	5869
2557	5870
2751	5873
2754	5878
2356	5880
2763	5890
2638	5904
362	5905
2570	5919
2716	5921
2455	5930
2779	5933
2716	5936
425	5937
2780	5940
416	5948
416	5949
2784	5953
2785	5955
2569	5956
2787	5964
2788	5970
416	5972
2792	5975
350	6001
2554	6002
2673	6003
2804	6012
2355	6015
2805	6019
1681	6033
16	6035
16	6036
2807	6048
2112	6063
2824	6067
137	6071
493	6074
2557	6086
2557	6087
811	6091
290	6093
2732	6095
2836	6098
2638	6099
2586	6104
425	6119
2846	6120
2847	6122
2849	6124
1894	6133
1700	6148
2863	6161
2865	6164
368	6173
1894	6177
2889	6204
2890	6207
2902	6227
2846	6237
2583	6244
1871	6251
1034	6252
2917	6269
2920	6274
2922	6278
379	6284
326	6287
2926	6290
148	6293
2849	6298
2931	6308
368	6322
1649	6323
2940	6330
2785	6331
1649	6336
2956	6357
1677	6374
2975	6382
2979	6386
2980	6387
2981	6388
2878	6397
537	6400
98	6401
2993	6409
2994	6410
2716	6415
2998	6418
1671	6423
1793	6441
3004	6443
3008	6448
3008	6449
3017	6473
275	6481
275	6495
3026	6496
3027	6499
416	6500
16	6501
2442	6502
3028	6505
416	6512
16	6514
1711	6520
2846	6528
1681	6535
489	6542
3037	6546
3042	6558
3046	6566
3048	6569
2492	6575
18	6577
269	6580
2562	6584
2554	6592
3045	6593
2922	6595
238	6600
2588	6617
1894	6629
1894	6630
3072	6643
3075	6653
3078	6659
1551	6669
2428	6674
1521	6679
3083	6682
2352	6684
3085	6688
416	6705
2554	6706
3089	6714
3090	6717
3091	6719
2559	6736
1793	6738
1793	6739
1793	6740
2570	6744
379	6748
279	6750
2570	6751
2442	6758
3089	6796
269	6799
3112	6804
2716	6809
3117	6819
2506	6820
2506	6821
3075	6824
3075	6825
3118	6826
3119	6827
3090	6828
2610	6842
3126	6843
2730	6844
1858	6847
3130	6855
1648	6857
3131	6859
3136	6866
3138	6868
2487	6869
489	6872
3141	6876
2691	6880
3143	6881
2583	6882
2587	6883
2716	6884
2976	6893
2726	6899
3156	6917
3151	6925
282	6991
3198	6992
148	7107
3254	7110
3309	7242
3312	7245
3315	7248
3327	7269
3304	7281
3333	7285
3334	7289
3334	7291
3336	7292
3349	7312
3357	7323
3357	7359
2839	7361
3389	7375
453	7377
3263	7427
3316	7429
61	7432
3416	7433
3387	7435
3418	7442
3266	7445
3424	7449
3434	7464
3427	7474
3377	7526
3415	7540
3304	7570
3044	7574
741	7617
741	7618
3514	7623
2616	7666
2613	7729
365	7732
2558	7741
3599	7753
3590	7756
678	7762
75	7764
365	7766
3616	7790
2937	7796
2937	7797
3629	7808
3561	7832
1677	7845
3650	7849
3653	7857
3659	7864
1082	7866
2920	7871
3665	7875
3666	7876
3668	7879
3670	7884
2807	7891
3668	7898
3417	7911
3380	7954
353	7961
3695	7963
145	7984
1890	7991
3724	7995
3732	8007
3733	8008
1312	8010
3716	8014
3741	8023
238	8035
3712	8052
2553	8056
308	8071
3763	8077
197	8081
3767	8085
2992	8089
3770	8098
3784	8121
3787	8127
2992	8128
3802	8146
1359	8155
3670	8173
3782	8184
3826	8188
3078	8190
2416	8201
3078	8208
3838	8211
3840	8213
3846	8220
3847	8221
3850	8225
3853	8239
3792	8242
3008	8247
3722	8250
359	8268
3690	8285
3085	8293
3885	8296
3886	8299
3590	8303
3893	8308
3895	8312
3886	8313
3897	8315
3900	8320
3906	8326
3912	8332
3887	8338
3916	8340
2100	8341
3912	8343
111	8344
3921	8347
3920	8348
3935	8368
285	8377
3956	8393
3971	8408
3960	8411
3974	8412
3821	8415
2729	8417
1858	8423
3999	8444
2646	8457
2222	8466
4010	8477
517	8478
1772	8481
4023	8484
4025	8488
4035	8500
2789	8501
3334	8526
2726	8536
1774	8541
3021	8544
3716	8558
4082	8568
4084	8571
1535	8578
3716	8582
4091	8588
3253	8601
4101	8605
3763	8606
3659	8609
4105	8611
4111	8624
4115	8631
4121	8639
4126	8654
4127	8662
2923	8675
4136	8678
4161	8710
4164	8725
4166	8728
4168	8735
4172	8741
4175	8745
4177	8747
4183	8755
4191	8767
4196	8772
4207	8791
177	8801
4227	8823
4122	8824
4250	8869
4275	8923
4276	8925
438	8929
145	8948
4175	8979
145	8982
4297	8986
1338	8991
4202	8992
4307	9001
4311	9006
4313	9012
4316	9015
811	9021
4356	9058
4122	9075
4377	9095
4394	9122
4398	9126
4399	9127
285	9154
2556	9157
4091	9174
276	9184
3811	9198
226	9200
4175	9228
4047	9285
1651	9291
4482	9298
4487	9303
4500	9317
3792	9350
4532	9351
4377	9389
4554	9408
549	9409
1996	9410
4556	9415
4570	9451
3650	9460
115	9462
2442	9463
4578	9478
4579	9479
4584	9485
991	9487
4588	9491
4101	9492
4590	9504
4591	9505
319	9531
4603	9541
4609	9551
4614	9558
4620	9567
4247	9576
4629	9580
4630	9582
3137	9589
4639	9601
4641	9602
4649	9612
765	9620
417	9636
4669	9645
4676	9657
4649	9659
4684	9666
1792	9678
1792	9679
4692	9682
4696	9688
3113	9716
4721	9719
4726	9725
4727	9726
308	9730
4730	9731
4732	9733
3850	9736
2235	9744
4748	9761
4760	9774
4778	9799
4780	9802
4781	9805
3653	9867
4834	9878
521	9880
991	9881
1899	9882
4843	9895
4809	9905
4855	9912
4862	9921
2426	9934
3887	9946
2865	9968
4890	9972
3012	9977
4898	9994
4904	10003
4905	10005
4726	10070
4959	10094
1670	10104
145	10105
4965	10106
4966	10107
2732	10111
1626	10126
1648	10128
3721	10129
4981	10130
3690	10188
4727	10189
473	10197
2733	10198
3690	10201
1366	10246
5046	10248
5047	10251
1301	10279
5069	10284
2733	10287
4965	10334
320	10338
1680	10339
145	10340
145	10367
5127	10378
2733	10383
275	10384
57	10408
5153	10422
5153	10424
5154	10428
5162	10438
5165	10442
5166	10443
3044	10451
5177	10457
5177	10458
5188	10481
4033	10485
4569	10490
5192	10495
214	10511
2325	10547
4300	10557
347	10559
5250	10605
4691	10610
5254	10616
5254	10617
2552	10621
259	10637
2325	10646
453	10648
4890	10654
5121	10656
4036	10659
4170	10675
5282	10685
48	10686
48	10692
5284	10693
5285	10695
5285	10696
207	10697
5300	10719
4183	10721
2287	10724
5304	10737
5307	10742
5307	10743
5321	10775
5330	10778
5332	10781
4556	10797
5349	10807
248	10843
5384	10859
105	10889
5396	10890
1793	10908
1358	10925
4117	10927
432	10928
2287	10929
171	10977
4727	11058
3044	11069
5192	11080
1483	11101
1774	11114
5512	11115
4117	11123
5102	11124
5514	11126
3044	11128
145	11133
5384	11145
5530	11160
4112	11168
245	11169
141	11182
2617	11213
4555	11215
2325	11234
5045	11240
5596	11287
4692	11300
1607	11315
52	11317
141	11319
3730	11323
2253	11332
5621	11340
283	11346
3103	11380
5643	11381
4273	11449
383	11456
3847	11474
5717	11483
5719	11486
4614	11505
3544	11512
4101	11528
4101	11529
5778	11570
2645	11579
2673	11585
5608	11586
5790	11592
167	11603
5608	11609
2683	11629
308	11631
5818	11636
2084	11638
3806	11641
4083	11661
5309	11704
320	11729
5102	11774
1082	11778
2426	11788
283	11816
249	11840
5973	11903
5973	11904
5573	11905
5986	11926
3782	11937
2026	11963
4855	11984
6014	11986
5046	12014
6023	12016
6040	12022
4905	12025
6042	12026
6043	12027
6044	12028
6045	12031
3850	12172
4183	12201
249	12206
6130	12226
270	12254
4843	12259
3730	12277
4083	12282
1671	12289
43	12300
43	12301
6156	12302
5465	12304
6173	12324
384	12364
6198	12389
6199	12390
6205	12398
6208	12403
3781	12415
6218	12418
3850	12420
4780	12441
6230	12442
177	12446
6233	12454
6234	12456
548	12457
6256	12488
5884	12490
2990	12497
6261	12498
420	12512
2552	12515
6266	12516
6270	12528
4609	12534
54	12553
5700	12557
5700	12562
6283	12565
432	12567
4607	12578
6286	12583
6288	12585
10	12595
259	12617
4614	12629
320	12640
6306	12651
6320	12681
6234	12682
3670	12696
6334	12716
361	12717
5608	12724
1301	12743
3659	12768
6234	12792
869	12795
6373	12800
351	12801
6130	12806
6378	12811
3000	12815
5285	12819
5040	12821
5174	12832
6396	12840
4726	12843
6399	12853
169	12855
3781	12862
6417	12876
6234	12901
4313	12911
4726	12931
3827	12946
1825	12958
6443	12971
3012	12972
279	12998
6461	13002
177	13176
249	13298
1339	13299
6668	13328
3916	13349
64	13352
6747	13466
991	13476
6755	13495
4459	13502
3122	13505
3729	13526
6395	13533
3122	13551
6766	13552
5465	13556
38	13568
172	13578
3588	13582
6776	13587
517	13588
2583	13600
4175	13622
59	13638
361	13653
6668	13659
6349	13662
5137	13668
283	13674
194	13676
5396	13679
6799	13683
1774	13695
6577	13717
278	13720
6023	13744
4207	13752
6395	13755
6844	13756
36	13757
6848	13764
278	13767
54	13768
2287	13773
3055	13787
6288	13791
6868	13804
4637	13815
3751	13817
43	13840
6891	13846
3918	13851
6896	13853
439	13854
1317	13856
432	13886
283	13910
6940	13949
5818	13953
33	13956
6940	13961
417	13982
6961	13993
245	14034
6668	14050
5465	14055
6366	14057
1793	14076
4780	14084
7014	14087
249	14088
4780	14099
6904	14107
4171	14121
5465	14123
2933	14145
137	14149
6399	14151
7042	14166
7046	14170
7047	14171
7050	14174
7052	14176
7058	14182
142	14233
6904	14257
244	14264
7129	14290
203	14297
5891	14305
2822	14306
4748	14309
4982	14341
4982	14342
361	14359
7160	14367
4638	14386
7248	14481
7270	14511
7272	14513
7274	14515
7277	14518
7283	14525
6853	14528
4569	14535
7295	14546
7300	14553
7303	14556
7304	14557
7308	14561
7309	14562
5945	14566
7325	14582
7329	14586
7330	14587
7331	14588
7332	14590
7328	14595
7277	14604
3761	14651
3091	14652
207	14665
7395	14676
7396	14677
7397	14678
7404	14686
361	14687
7419	14703
6138	14713
2325	14731
7450	14754
7487	14800
4307	14801
7488	14804
105	14821
7505	14825
7506	14826
7511	14831
7052	14868
7542	14870
7544	14872
7395	14873
7545	14874
7546	14875
7506	14877
6766	14878
7563	14897
1339	14898
7597	14941
7598	14943
7573	14945
7600	14948
7397	14950
7602	14951
361	14953
7638	14998
7644	15004
6779	15022
7661	15028
6844	15029
7395	15090
7600	15092
1797	15190
2492	15207
3688	15263
6230	15315
186	15331
3888	15341
7895	15355
7901	15368
7905	15374
7906	15375
7907	15376
7908	15377
7909	15378
5527	15380
7927	15404
7052	15455
7959	15456
7927	15484
7989	15492
7990	15495
7993	15501
7998	15509
7998	15511
2708	15524
8008	15525
7137	15530
8010	15531
8013	15535
8014	15536
8015	15537
8017	15540
6100	15553
2637	15559
8030	15560
198	15570
8034	15572
8035	15573
3912	15574
1514	15575
8037	15577
8038	15578
3916	15580
8040	15581
1535	15582
8109	15654
7598	15687
8136	15688
8137	15690
8139	15694
8137	15698
7598	15700
1358	15736
8172	15737
6395	15744
8181	15749
1807	15750
8197	15767
89	15832
5818	15875
7644	15889
7395	15935
7396	15936
7826	15939
5860	15952
1046	15958
8362	15968
6668	15978
1891	15985
8389	16002
7661	16055
8443	16069
8446	16072
8450	16076
5307	16098
8136	16119
8138	16120
8122	16137
166	16180
517	16181
198	16182
6891	16212
384	16279
6350	16286
1772	16289
8037	16292
8596	16293
8597	16294
3912	16295
8605	16306
3716	16326
8635	16352
278	16354
4656	16355
5349	16361
8639	16362
110	16363
7809	16368
8651	16382
8664	16396
1335	16432
8696	16435
8697	16436
8187	16443
6868	16458
6157	16535
138	16537
8694	16545
3918	16553
8773	16554
2708	16566
3895	16581
8010	16600
8800	16601
8010	16606
5137	16611
243	16614
7505	16616
8804	16619
243	16627
7661	16632
8597	16633
8358	16637
8008	16638
8008	16639
8808	16640
8033	16641
8039	16642
8812	16652
7600	16655
3513	16693
8651	16715
8850	16719
8851	16720
8852	16721
5307	16722
8855	16734
8856	16735
7050	16736
8851	16737
6222	16738
6100	16743
6100	16747
2474	16782
3128	16794
8856	16796
8694	16801
508	16819
8197	16834
482	16858
482	16859
482	16861
482	16867
476	16871
482	16874
7	16877
8919	16878
8890	16880
8921	16881
383	16883
8923	16886
3090	16888
8919	16891
1046	16903
8932	16908
8933	16909
6283	16920
67	16922
8937	16926
6766	16941
8946	16947
429	16948
8891	16951
5860	16952
8139	16965
38	16977
202	16980
2706	16984
8919	17003
8919	17022
6743	17023
2706	17028
8989	17040
8926	17041
8990	17045
8991	17047
2706	17062
8996	17068
7042	17077
2111	17079
8933	17128
74	17132
3019	17138
7	17147
1708	17149
6904	17152
59	17154
5818	17159
6222	17161
9037	17162
9040	17174
9043	17178
7050	17196
8520	17210
445	17211
6183	17212
6183	17214
8520	17217
445	17218
8014	17227
9058	17232
8014	17234
38	17237
489	17239
489	17246
9064	17248
489	17254
6183	17282
3890	17287
278	17310
9101	17318
6779	17321
9107	17329
9064	17330
9107	17334
8773	17335
9113	17348
7395	17349
5860	17350
6766	17375
6766	17376
8808	17377
8808	17381
9126	17382
9136	17415
223	17420
8890	17423
482	17429
9141	17432
7050	17434
445	17441
2708	17445
2708	17448
2708	17450
9147	17455
6156	17474
9158	17479
6256	17486
9159	17488
8945	17494
9058	17521
7333	17527
7308	17534
1483	17537
194	17539
278	17543
436	17549
436	17551
9179	17552
9101	17553
7337	17556
9183	17560
1502	17562
7644	17566
8520	17597
2708	17602
6395	17613
6183	17621
8008	17624
3915	17628
8358	17642
8520	17646
8808	17655
9238	17663
9028	17669
8808	17670
8808	17671
8990	17688
7644	17691
7644	17692
8919	17723
38	17730
8919	17731
476	17733
9288	17750
9292	17756
9293	17758
9293	17759
7337	17760
482	17798
9315	17805
8947	17806
8923	17823
6872	17842
8197	17855
8197	17858
840	17862
172	17865
6183	17868
9362	17884
6283	17898
6283	17900
9385	17920
9385	17921
9387	17929
2980	17950
74	17952
8649	17954
8662	17955
453	17956
6205	17968
810	17975
810	17976
810	17978
476	17981
6205	17984
9424	18001
8010	18002
6779	18007
9430	18015
8139	18042
9461	18060
16	18062
7337	18063
9465	18069
9466	18070
6779	18074
8139	18077
8139	18085
4546	18086
4546	18099
9481	18114
9487	18123
5154	18124
16	18129
2559	18135
5190	18144
220	18167
9481	18169
9502	18170
9475	18172
9498	18173
9503	18176
4310	18178
16	18181
691	18186
9475	18188
9506	18189
4546	18190
74	18194
9507	18196
355	18206
9512	18207
8010	18215
9518	18227
9516	18234
9523	18239
9536	18261
9537	18262
2980	18268
9539	18270
3131	18277
1703	18278
1681	18284
79	18285
1690	18286
9546	18294
8442	18297
16	18303
6256	18306
4942	18307
9552	18311
9550	18317
9560	18338
9557	18341
409	18366
4377	18374
8010	18375
354	18379
711	18381
9549	18392
1674	18400
9581	18409
6554	18422
16	18424
9581	18426
9546	18433
2030	18438
697	18447
9477	18459
37	18460
9597	18490
9481	18492
9609	18512
16	18520
9614	18524
9385	18528
8937	18535
4546	18556
1681	18569
16	18571
9629	18572
9632	18579
9588	18582
4081	18584
8919	18593
8919	18598
4482	18602
9642	18609
9643	18610
3253	18613
9644	18614
3900	18616
9481	18621
9632	18622
471	18645
9488	18646
384	18650
2826	18677
3695	18685
9513	18689
9670	18693
4311	18698
16	18708
7838	18726
9651	18750
384	18753
6122	18757
6122	18758
6122	18759
6122	18760
6122	18761
6122	18762
467	18764
3573	18773
3137	18776
3253	18781
9699	18784
2590	18798
9706	18799
4310	18800
9588	18804
9716	18821
9650	18839
4482	18853
9588	18854
45	18871
16	18873
6904	18881
6171	18886
9743	18909
9498	18912
2030	18913
9746	18920
6550	18924
1935	18929
9618	18933
6349	18938
6349	18939
3096	18946
9701	18949
9764	18976
9629	18981
9773	19000
9774	19001
314	19030
9787	19036
5037	19037
5785	19067
9615	19073
16	19080
9804	19085
283	19086
16	19089
9811	19103
9814	19107
9618	19128
203	19137
1354	19142
2925	19173
471	19175
9832	19176
9720	19179
4206	19189
9837	19196
1767	19203
69	19205
5818	19206
5818	19207
220	19216
1425	19218
1681	19236
9851	19242
9852	19244
7906	19254
85	19269
9615	19282
1192	19287
52	19288
6283	19293
220	19294
1192	19300
1998	19308
9475	19309
9535	19317
9876	19320
384	19321
9881	19342
111	19343
5332	19367
6561	19375
368	19397
3129	19409
2826	19411
9787	19422
9903	19426
4117	19429
2925	19431
142	19433
1425	19435
9718	19437
2706	19450
2705	19455
9804	19456
9916	19468
3841	19490
9931	19494
9933	19497
314	19498
3138	19511
9536	19513
169	19519
169	19520
169	19525
9938	19529
9944	19541
9574	19551
9847	19558
4117	19561
3137	19568
8794	19580
2923	19590
6067	19595
6171	19596
9682	19605
9969	19619
1605	19625
2708	19637
9976	19654
194	19660
85	19661
8846	19680
9991	19733
1998	19752
2093	19753
8139	19765
3129	19790
10000	19796
9347	19797
9971	19801
5701	19806
2968	19812
10004	19830
10005	19834
3312	19856
9535	19862
10017	19876
6122	19877
6122	19878
6122	19879
6122	19880
6122	19882
6122	19883
1760	19886
810	19895
482	19896
10024	19919
4250	19923
9932	19926
10027	19931
9347	19934
1991	19935
10000	19937
3129	19947
1551	19963
314	19994
314	19996
3	20005
10027	20016
3716	20038
2821	20042
10046	20048
10053	20067
10072	20100
2355	20146
1522	20180
4726	20189
10084	20195
269	20198
10033	20209
467	20230
10092	20233
282	20239
10081	20292
4082	20297
10046	20303
114	20314
10112	20319
10113	20322
7833	20341
10160	20358
6094	20364
10046	20387
9814	20480
10004	20484
10097	20486
10027	20491
10184	20496
6094	20512
2807	20521
4726	20527
2437	20534
4207	20545
2492	20553
10206	20559
3122	20565
5457	20569
2437	20614
2865	20617
3751	20621
10157	20683
6045	20685
2920	20687
1696	20692
54	20707
9603	20731
2890	20740
131	20757
10044	20759
1871	20764
1536	20773
4082	20779
3131	20782
4250	20789
13	20791
3253	20818
2354	20826
4250	20841
290	20845
10024	20878
282	20885
3044	20887
2673	20896
25	20934
5945	20943
213	20956
10238	20971
10330	20976
1366	20989
425	20991
2093	21002
10046	21003
1703	21011
10346	21019
409	21024
10004	21030
549	21053
711	21054
379	21056
9347	21060
2093	21062
10363	21077
6234	21081
4624	21094
10004	21098
3975	21102
10377	21115
4112	21137
10024	21161
2056	21191
54	21202
7487	21215
10004	21217
13	21218
2257	21221
10455	21266
10464	21281
269	21288
10027	21298
379	21299
10006	21354
9874	21355
4250	21356
10000	21370
2866	21374
120	21394
2093	21417
10027	21423
10523	21439
6004	21461
10537	21477
10540	21483
10027	21505
54	21559
10027	21617
10624	21632
2093	21688
10464	21776
467	21802
1947	21803
9873	21805
10700	21806
2792	21811
1958	21812
10704	21815
10705	21816
10707	21820
10724	21843
8821	21846
7040	21851
2878	21874
537	21911
537	21912
6379	21920
10792	21952
10793	21954
10795	21957
4196	21963
6044	21967
3139	21971
3630	21977
4196	22035
4196	22061
84	22148
10878	22206
8857	22245
10977	22400
350	22402
11000	22404
11045	22548
11057	22590
3846	22594
11065	22601
11076	22639
11076	22640
11076	22641
7031	22721
3017	22764
10611	22801
5397	22900
5397	22901
11224	22953
11224	22956
8015	22970
11235	22972
11237	22974
11237	22985
11242	22986
10179	22989
11249	23012
4193	23058
11266	23059
11271	23065
1440	23084
11285	23123
2556	23124
11297	23154
4482	23163
4482	23164
11285	23175
11305	23176
425	23332
8030	23385
11254	23394
2487	23400
10566	23434
11445	23478
11472	23529
11474	23534
7250	23564
9487	23612
9487	23613
11521	23632
9873	23635
3120	23636
3042	23686
11572	23725
5719	23728
9539	23736
4191	23758
1046	23760
6138	23845
11646	23879
9654	23908
6290	23914
11474	23919
9959	23927
6669	23952
6183	23953
11732	24065
11744	24087
10309	24089
2762	24096
2878	24112
11759	24115
2878	24193
2762	24203
11759	24206
11472	24248
1588	24272
11245	24287
10566	24288
1130	24291
289	24306
11843	24363
2986	24430
7904	24491
6669	24665
11984	24679
6047	24776
11789	24858
7042	24870
6183	24871
10485	24874
6332	24880
11565	24889
12071	24890
8923	24893
12085	24928
4297	25026
4175	25059
12141	25076
12146	25081
12147	25089
12150	25093
12151	25094
5304	25096
6183	25111
365	25114
12156	25117
5396	25121
9876	25126
7904	25136
245	25139
520	25186
9605	25190
9706	25224
12207	25255
12208	25261
3044	25290
12218	25307
12239	25362
6138	25378
11239	25379
3106	25382
405	25474
3106	25487
5649	25550
3415	25569
7135	25603
6844	25629
12346	25631
12347	25634
12348	25635
9959	25671
229	25688
12381	25710
2425	25757
12418	25783
10617	25822
12430	25824
12394	25839
3026	25873
12452	25880
60	25884
3106	25920
3106	25921
5166	26048
12535	26094
2869	26096
12164	26102
12546	26124
9235	26210
6776	26219
6776	26236
12597	26252
12599	26254
4083	26282
12615	26294
12616	26295
12464	26296
12628	26343
12628	26344
8731	26348
839	26349
2689	26441
10324	26504
12705	26560
2788	26563
200	26564
11097	26592
12718	26593
10008	26677
405	26710
4111	26743
839	26770
12539	26913
1998	26917
3106	26918
3312	26926
3106	26927
1462	26935
10705	27060
9959	27081
8891	27121
9178	27122
12959	27130
28	27131
12963	27138
3424	27139
9126	27144
4567	27151
12986	27180
12987	27181
6104	27194
12218	27252
466	27266
10524	27273
13042	27275
10004	27299
13074	27340
7600	27341
12955	27342
13075	27343
8015	27349
12416	27350
13159	27513
13163	27524
13167	27534
3739	27535
13166	27537
3616	27538
3424	27555
6868	27556
13159	27557
12599	27569
13190	27598
12370	27602
13194	27608
13201	27630
12151	27634
3616	27644
3739	27653
13227	27688
13228	27689
13231	27694
4276	27732
13279	27780
7935	27789
13197	27795
13286	27802
10707	27821
3131	27827
200	27846
8132	27851
13309	27854
3090	27860
3739	27863
13317	27872
10707	27879
10617	27890
10287	27894
12982	27909
2800	27933
13344	27935
10294	27943
13347	27951
13355	27963
13352	27971
6575	27985
13364	27989
5304	28031
13166	28032
13200	28037
12151	28045
13397	28055
3253	28066
13301	28080
12959	28087
5785	28089
4564	28106
4276	28177
5785	28206
8639	28235
13238	28240
9618	28277
13197	28306
13535	28314
13541	28327
13550	28342
13555	28354
13228	28355
7333	28373
9772	28381
12616	28388
13585	28410
13586	28411
13587	28412
13588	28415
13591	28419
13340	28441
13606	28443
10028	28462
8662	28463
8662	28464
196	28465
10874	28513
4126	28535
6199	28539
9506	28557
12959	28564
12959	28565
13667	28590
9101	28616
7277	28625
9727	28656
13708	28665
1996	28679
13729	28706
13741	28723
13741	28725
13745	28737
9735	28742
12198	28743
7959	28759
2771	28768
13757	28779
13787	28850
1915	28879
2937	28907
113	28926
13708	28947
13301	28950
1958	28964
13301	28979
3253	28990
13863	28994
13074	29056
10023	29061
9660	29109
4250	29145
9868	29147
4307	29172
13973	29194
9716	29207
3952	29211
1915	29244
14008	29267
9037	29300
9660	29304
2771	29316
2771	29317
14033	29318
5047	29338
5520	29363
14058	29364
188	29384
188	29385
14088	29417
7396	29426
14097	29440
14129	29494
14133	29503
14134	29505
14134	29506
14134	29507
14141	29518
8920	29539
1605	29540
1605	29541
13556	29598
14208	29631
2425	29668
13556	29680
14242	29691
12603	29707
13556	29718
13556	29728
2556	29751
14289	29774
13522	29778
13550	29779
6852	29787
6852	29789
9158	29802
9158	29803
1607	29883
467	29957
13715	29958
7272	30006
4621	30023
13585	30035
438	30076
14455	30078
9625	30134
74	30163
182	30208
2111	30215
5815	30221
182	30222
350	30223
2714	30224
6822	30232
182	30238
182	30242
140	30246
182	30247
14528	30262
14537	30279
7396	30280
262	30281
13719	30284
14554	30311
5192	30340
262	30344
5192	30352
6766	30353
14554	30356
14574	30361
6766	30363
14134	30374
6766	30404
801	30406
14590	30436
12616	30455
801	30484
14628	30485
6776	30513
6199	30524
14208	30532
12616	30551
5608	30560
138	30582
2442	30583
801	30589
14672	30593
8233	30619
5608	30658
6199	30680
12654	30691
12616	30693
14719	30712
14554	30715
8891	30723
14724	30726
67	30735
13917	30758
5282	30767
9037	30790
11523	30791
13197	30797
13197	30798
1958	30804
1958	30805
1958	30835
138	30848
8891	30854
7334	30869
7334	30870
14785	30873
14794	30896
14794	30897
7334	30899
14795	30900
6776	30908
14809	30934
1958	30938
14810	30947
14819	30965
9873	30983
14825	30989
4168	30994
8852	30997
4250	31005
9716	31007
8947	31008
14834	31009
14836	31014
5282	31017
8991	31026
14839	31029
14841	31038
2758	31050
13037	31051
14847	31054
14850	31057
14858	31074
14863	31089
416	31091
14798	31094
686	31097
6306	31098
6306	31099
6306	31100
2866	31102
2923	31103
6282	31113
14836	31114
14866	31122
1958	31124
1958	31125
6306	31132
1958	31135
1958	31136
1958	31137
4168	31140
14831	31144
1871	31152
7334	31156
14020	31160
14134	31163
105	31165
14871	31167
6156	31179
4307	31183
13449	31199
6199	31201
9043	31202
14900	31207
14871	31216
8920	31258
360	31275
14932	31282
4227	31287
4227	31290
360	31291
2562	31305
4111	31309
2986	31321
2986	31329
2562	31333
2986	31334
12603	31338
6108	31358
2986	31390
9430	31411
146	31413
14998	31424
438	31430
266	31433
3954	31440
2980	31453
499	31458
15015	31461
15000	31466
1969	31482
5465	31489
9873	31498
11646	31500
5396	31508
7047	31523
15042	31526
141	31535
365	31554
15065	31576
1793	31579
3915	31593
15075	31598
15079	31603
1789	31621
5175	31623
7334	31633
7598	31655
11523	31657
15095	31661
3954	31675
14724	31678
14825	31682
14825	31684
15104	31688
15105	31691
2429	31698
6205	31701
15110	31706
3	31711
7598	31713
4168	31719
4168	31720
15114	31721
9506	31722
15111	31724
15116	31725
15118	31728
15116	31731
15116	31732
14208	31741
15128	31748
15042	31760
12987	31761
9883	31771
15135	31773
15136	31774
9498	31785
1958	31786
1958	31787
425	31790
14208	31795
15145	31796
32	31797
2590	31801
15075	31806
13449	31807
801	31815
4169	31823
15155	31826
5572	31829
3269	31845
1017	31851
14841	31854
15168	31859
15110	31862
7047	31883
3616	31885
9944	31886
295	31907
801	31925
138	31933
8233	31935
6766	31938
15192	31943
8852	31944
8773	31947
15195	31949
2505	31950
14795	31951
15027	31957
12381	31961
15202	31963
15195	31964
12381	31969
15200	31970
2200	31975
9126	31985
14208	31998
14795	32014
14806	32017
15196	32018
15217	32021
15217	32036
2	32044
15127	32051
7137	32052
15093	32054
15093	32056
15192	32057
15192	32058
15192	32059
6766	32060
3318	32072
9944	32073
15236	32077
15120	32084
3120	32085
15111	32088
15240	32093
9334	32097
15128	32115
15101	32133
4366	32143
13349	32149
12151	32162
3722	32164
6270	32169
8136	32175
10705	32177
15255	32187
2923	32188
471	32220
8136	32240
15192	32244
8773	32323
15332	32328
9538	32331
15334	32335
15338	32346
15352	32393
182	32411
7397	32446
4690	32461
137	32515
2986	32524
15393	32533
8233	32540
8852	32547
15406	32548
15407	32549
15417	32573
15418	32577
9064	32587
9511	32647
3415	32655
1935	32658
2322	32659
301	32670
5465	32671
2937	32672
9147	32680
3837	32688
9136	32706
4482	32718
9147	32722
238	32745
15483	32748
3019	32761
424	32766
15487	32772
9141	32784
9340	32794
4006	32806
266	32813
627	32814
2932	32833
15479	32839
3019	32841
1359	32860
3019	32863
11756	32871
15529	32897
13151	32900
12419	32923
15540	32927
62	32934
15543	32938
2983	32960
5476	32961
266	32976
368	32986
238	32989
424	32993
238	32999
1359	33043
5718	33053
15578	33056
5749	33076
7325	33077
15594	33087
15526	33088
5047	33114
365	33119
1359	33126
15538	33129
515	33132
2874	33136
304	33154
15594	33165
15624	33170
709	33171
709	33179
8595	33182
2506	33199
7309	33213
15642	33216
3912	33240
15593	33242
15652	33244
15653	33247
15654	33249
15662	33265
3019	33276
15063	33278
15624	33279
2986	33296
2123	33304
13397	33306
15629	33320
15686	33322
2214	33326
15688	33328
9511	33331
15692	33336
3590	33350
10028	33355
2824	33371
10024	33372
14208	33374
8596	33376
16	33381
7042	33382
11179	33388
3055	33390
1517	33405
1671	33408
8039	33414
8039	33417
10028	33418
4049	33424
2938	33428
8040	33440
8773	33448
9178	33449
15418	33470
4482	33477
438	33496
1666	33517
424	33553
844	33554
10398	33555
424	33556
8596	33580
15773	33585
9040	33621
1514	33659
1825	33661
15810	33678
2558	33682
8132	33683
8037	33704
15820	33725
15822	33738
15653	33740
164	33747
14242	33751
60	33753
15830	33766
11611	33771
14242	33783
14082	33788
10028	33791
10276	33793
2596	33798
15841	33804
15852	33828
1315	33832
526	33852
15770	33861
12718	33862
89	33864
334	33866
15867	33868
15881	33906
3821	33911
3821	33914
3821	33915
421	33924
3138	33939
365	33944
15890	33946
3254	33947
15892	33950
1701	33959
9751	33962
2623	33965
3744	33972
15901	33977
8821	33990
804	33993
9832	33997
15906	34001
9690	34004
330	34005
3263	34006
15895	34007
139	34010
7582	34011
3007	34012
6550	34015
15910	34019
3744	34036
391	34050
249	34051
2552	34056
7638	34061
1708	34066
137	34075
127	34106
3744	34109
15914	34120
6149	34121
15936	34125
9847	34141
281	34150
2788	34158
3712	34164
3750	34166
9620	34187
9620	34194
97	34201
4467	34214
9911	34217
14596	34224
14596	34227
2937	34239
139	34258
805	34259
9683	34277
15993	34302
6941	34324
9136	34330
15914	34340
9847	34342
3721	34361
140	34381
844	34403
15543	34413
7907	34416
262	34418
319	34506
9787	34509
913	34510
9787	34513
15975	34514
137	34530
9466	34538
15480	34551
1179	34552
9915	34556
16067	34563
9915	34564
15997	34586
37	34587
16088	34631
1385	34714
3312	34727
15168	34752
13286	34776
13286	34783
3416	34799
16139	34800
3424	34852
2902	34867
10494	34868
16184	34915
3893	34981
4181	34997
9620	35029
9620	35032
9620	35036
2123	35119
1359	35121
266	35145
16245	35203
9773	35208
95	35218
2988	35270
12808	35276
16255	35277
3855	35281
5045	35298
295	35302
295	35304
3724	35321
3724	35322
2732	35323
15906	35337
2	35338
5749	35341
16268	35343
16269	35345
2821	35362
137	35363
6149	35372
6865	35376
16281	35379
3269	35382
2940	35392
319	35398
2917	35400
3013	35420
1763	35426
6546	35427
3087	35429
2416	35432
15385	35433
8389	35444
16303	35449
2111	35463
2111	35465
4672	35467
15937	35469
16269	35482
16269	35486
272	35487
493	35492
3131	35502
2979	35546
16078	35551
16322	35552
6136	35558
16324	35559
2647	35565
4206	35572
2585	35573
16328	35574
5045	35579
16340	35609
16340	35610
16362	35696
1092	35712
16371	35714
7295	35718
16384	35746
2733	35755
6263	35758
9903	35770
1703	35771
4091	35773
3317	35774
239	35776
9550	35778
16104	35779
13616	35799
9903	35800
16404	35803
12346	35821
326	35827
15542	35834
2732	35839
10398	35841
16061	35844
3896	35871
3896	35873
16399	35875
16421	35881
6408	35883
16293	35885
295	35890
549	35897
2732	35901
2732	35903
9466	35905
7895	35906
7895	35907
295	35912
6545	35922
12187	35929
4005	35934
3137	35938
127	35950
10310	35954
2094	35960
16447	36009
2586	36012
1092	36021
4181	36038
2553	36046
3724	36048
16078	36051
1092	36054
249	36057
16459	36061
4247	36065
10704	36091
16268	36092
9660	36094
9660	36095
2113	36121
417	36123
16474	36126
140	36133
1914	36149
7809	36159
14806	36160
6173	36161
4181	36168
16490	36188
502	36191
493	36192
10522	36215
3715	36218
16289	36221
423	36222
6393	36231
16498	36232
16498	36236
2354	36245
266	36253
15523	36269
3149	36273
2894	36274
4121	36275
16426	36289
14596	36290
3013	36293
62	36301
5397	36302
1763	36329
6236	36332
1825	36342
9773	36344
16522	36345
7591	36346
10525	36354
16524	36366
16525	36368
16530	36380
8389	36381
1092	36382
2827	36420
5701	36422
16555	36451
16563	36469
4117	36470
245	36474
9527	36499
16575	36506
9916	36512
16579	36513
16203	36514
9803	36520
16426	36521
9766	36527
5255	36529
11732	36532
11732	36533
4596	36542
16586	36554
14783	36555
16593	36573
10537	36579
15904	36583
504	36605
6577	36617
10154	36626
16632	36676
11744	36685
3763	36695
13205	36696
16575	36716
8671	36720
5785	36721
2762	36722
2826	36726
3711	36729
16655	36741
16295	36744
14073	36753
15662	36758
16663	36782
9720	36788
12346	36806
2354	36815
3013	36825
330	36829
15235	36883
61	36887
16707	36918
16708	36919
3013	36930
16203	36932
10191	36934
3309	36968
16203	36974
2940	36998
16752	37011
2416	37023
6047	37037
16771	37076
3027	37150
15884	37163
2094	37165
5590	37207
417	37212
3573	37230
16817	37240
16821	37249
16823	37254
16825	37259
16077	37266
15181	37281
247	37287
11079	37353
16859	37360
10033	37363
16663	37376
425	37385
424	37408
1804	37409
16352	37428
2827	37433
9933	37434
9650	37437
145	37438
12187	37444
4009	37456
2940	37471
5263	37481
266	37492
326	37494
3319	37509
8443	37538
8029	37572
2112	37574
6576	37576
1677	37590
16915	37608
16920	37629
9807	37630
2762	37641
4752	37646
14783	37649
16556	37667
139	37676
16946	37708
8821	37714
5349	37716
2072	37781
3573	37786
127	37793
16398	37808
9735	37813
2988	37815
417	37865
15923	37875
804	37887
16362	37956
2751	37972
17002	37973
8879	37979
3520	37989
2618	37990
4581	38004
4718	38005
2762	38008
8879	38014
3048	38015
17013	38016
2751	38017
6149	38048
4586	38059
37	38082
3837	38138
16273	38140
7989	38145
2762	38202
12187	38230
12187	38231
6173	38233
16426	38251
3544	38323
15087	38339
289	38340
2442	38343
17106	38354
17109	38359
3661	38369
17113	38373
17113	38378
8853	38386
1354	38388
3915	38400
105	38404
973	38430
6879	38434
12326	38467
12986	38485
17171	38584
509	38630
223	38634
1268	38637
2991	38644
973	38651
10309	38652
16574	38655
10101	38676
13645	38693
10101	38742
4056	38752
17269	38835
489	38836
17282	38854
17285	38860
17291	38866
6198	38881
17305	38902
85	38981
4586	38990
17352	39000
3113	39001
5191	39005
11033	39008
7301	39015
3424	39016
4624	39017
17282	39028
17370	39045
3113	39068
17370	39089
3971	39094
15200	39099
17404	39106
9766	39107
17411	39119
5162	39127
219	39130
184	39131
5397	39135
17417	39137
17421	39145
11224	39146
17443	39182
17444	39183
4206	39184
10330	39191
7993	39206
3113	39212
17474	39235
290	39242
17479	39243
6208	39265
17489	39266
1690	39267
4681	39297
13500	39298
17507	39308
17515	39321
4207	39323
13500	39325
507	39326
15438	39331
9362	39350
11305	39352
17370	39362
17527	39365
17528	39366
4399	39367
17507	39375
17533	39382
4681	39384
17538	39403
17539	39404
17542	39414
34	39416
17547	39425
15732	39434
6199	39453
4687	39455
10363	39459
2508	39497
10324	39500
4600	39518
17585	39523
709	39525
17586	39531
6305	39543
6043	39608
17617	39621
16633	39629
4687	39631
17372	39686
13549	39689
16340	39731
172	39733
16340	39746
71	39755
4556	39762
71	39766
9766	39773
17663	39791
10363	39846
2689	39862
34	39910
350	39943
5137	39970
272	39971
648	40033
3103	40103
290	40107
3103	40110
17269	40136
278	40143
6393	40152
3103	40209
17653	40237
7137	40250
6710	40275
6278	40296
8166	40298
9295	40321
17809	40350
34	40354
2706	40359
11020	40369
17815	40374
354	40375
17824	40401
14795	40407
12381	40408
6263	40441
514	40460
17842	40462
5613	40463
54	40486
17848	40490
2989	40532
17128	40639
12615	40666
13138	40672
15594	40868
5608	40888
17664	40977
7046	40978
3055	41122
3027	41123
1894	41124
2691	41126
18084	41127
10324	41131
18086	41132
6779	41161
222	41168
18106	41175
627	41178
15520	41183
18108	41185
18124	41217
18125	41218
6207	41226
7135	41251
7050	41255
3887	41256
10339	41282
5778	41285
374	41291
374	41298
3915	41300
676	41339
17406	41344
6249	41368
4191	41371
18151	41372
6747	41374
18153	41376
18154	41377
6747	41384
18160	41388
18165	41395
2508	41399
3112	41404
2506	41406
17539	41412
3112	41423
5821	41430
6047	41434
6249	41445
25	41446
18161	41448
2506	41450
18175	41453
85	41457
18205	41489
18206	41517
18220	41524
18224	41529
2563	41531
18220	41532
18248	41569
18248	41571
18231	41574
5749	41587
2925	41592
15202	41596
18271	41612
18273	41615
1946	41617
18224	41619
18275	41620
18278	41624
17221	41665
11249	41687
16633	41690
7661	41703
8372	41759
2638	41760
3887	41798
18356	41808
18280	41809
18358	41815
2768	41821
676	41861
676	41867
18365	41872
16632	41882
11285	41893
18375	41897
4620	41942
15332	41950
4752	42021
18458	42065
6822	42073
11055	42095
9764	42117
5609	42120
4113	42146
4781	42147
18032	42180
16889	42221
2442	42227
15924	42234
4603	42245
18555	42253
14217	42293
4890	42308
2866	42368
7160	42381
17804	42393
11058	42439
3565	42459
18656	42477
2250	42494
4729	42501
18673	42504
1680	42521
4558	42528
405	42540
6111	42552
18690	42560
10763	42582
15409	42585
1437	42586
18704	42603
6461	42610
4732	42616
733	42622
18713	42635
840	42643
18717	42650
17339	42654
5046	42655
4399	42656
4112	42657
18721	42661
4101	42677
3027	42678
14088	42694
3593	42728
9991	42740
66	42746
372	42747
7488	42769
17443	42803
4114	42809
212	42812
6881	42813
3349	42815
2257	42818
2436	42858
2436	42871
17095	42914
18835	42915
3146	42916
3117	42935
18852	42944
18857	42951
4596	42965
4603	43010
16256	43015
18898	43020
3825	43021
5748	43024
18900	43034
2940	43054
18914	43060
2637	43066
1338	43108
13453	43118
12312	43139
16898	43140
2555	43146
18292	43163
18989	43212
4399	43221
200	43253
19021	43289
19022	43291
530	43294
18365	43325
4169	43367
461	43423
2552	43460
19119	43488
2436	43493
4101	43503
6111	43549
11521	43561
15730	43640
19239	43681
15334	43713
15096	43793
10112	43832
6278	43833
4112	43836
3389	43863
3083	44155
8731	44158
6047	44166
8731	44191
15195	44193
2457	44194
6421	44204
12603	44205
1682	44227
16691	44256
5396	44257
1130	44283
17585	44285
1649	44397
16682	44419
16682	44429
2583	44442
54	44490
19583	44499
31	44500
4672	44510
19585	44512
9288	44537
19605	44578
6673	44600
3690	44670
12986	44681
19645	44689
17585	44698
11179	44700
19654	44716
9717	44720
19648	44724
15362	44733
1700	44737
16889	44766
5476	44814
1812	44815
4206	44818
19474	44861
5397	44871
19715	44873
15820	44894
15738	44908
19733	44912
10024	44913
155	44922
2558	44924
19744	44940
2549	44958
15557	44981
17547	44986
16281	44993
1812	44996
10339	45018
9618	45020
14033	45032
5821	45050
844	45060
10324	45065
3136	45105
2102	45187
4564	45196
19836	45199
4047	45233
4117	45294
198	45323
14305	45324
15917	45327
4117	45363
54	45424
3445	45457
2354	45459
19955	45471
19977	45512
16269	45513
509	45552
1789	45563
20018	45605
9473	45608
2757	45609
20020	45610
9910	45647
4114	45648
20029	45650
20030	45651
9826	45653
16018	45700
16859	45701
5821	45702
9559	45704
18734	45758
811	45853
223	45863
1760	45904
16740	45952
3103	45957
3103	45958
1758	45983
18280	45990
5821	45992
17815	46045
308	46094
20217	46105
4600	46126
20249	46173
1074	46202
520	46234
9838	46249
2990	46299
9875	46338
1664	46379
19869	46388
20318	46395
7303	46405
18568	46485
3045	46500
7304	46517
17507	46526
20399	46613
2592	46636
1792	46702
86	46719
20427	46787
15523	46790
11305	46806
20437	46812
3045	46819
20449	46832
840	46863
18576	46874
2562	46879
10154	46910
20479	46937
20487	46970
15010	46992
259	47031
19268	47034
9466	47060
509	47137
1958	47138
19819	47142
20533	47147
20432	47161
16153	47239
2623	47251
20586	47312
18340	47318
16022	47326
409	47346
2927	47383
14305	47386
9875	47396
3389	47410
20318	47436
844	47438
2101	47452
350	47457
2173	47469
18695	47470
20281	47472
405	47506
6104	47510
9488	47526
3544	47528
9978	47551
391	47553
350	47561
5307	47570
6668	47571
2708	47608
2950	47613
3415	47633
17316	47686
15385	47707
54	47737
6779	47839
9937	47848
8197	47859
10093	47904
20774	47906
2112	47952
19023	47953
86	47957
9740	47992
3037	47997
290	48000
184	48012
18159	48027
56	48048
2916	48049
406	48052
93	48068
3711	48106
184	48111
36	48126
289	48127
14134	48164
17547	48188
1826	48191
1607	48196
6138	48211
709	48217
308	48218
20118	48243
20118	48244
20895	48251
20895	48252
20901	48269
4879	48279
20934	48337
20934	48338
20934	48339
238	48578
336	48584
859	48645
21065	48646
9847	48648
2788	48715
21088	48722
21092	48735
17187	48778
6108	48780
6004	48784
3731	48802
6561	48822
2927	48836
3059	48925
21160	48928
2267	48930
5884	48935
3513	49047
15098	49105
15098	49114
7460	49162
2923	49302
1874	49337
2200	49428
14783	49461
3122	49471
4890	49472
3141	49489
18161	49506
14836	49507
18164	49516
9789	49561
8617	49571
18695	49701
14798	49742
14020	49744
11237	49779
4020	49780
15326	49781
8731	49878
11664	49895
21587	49968
9801	49984
8731	49985
16881	50087
9801	50208
21698	50214
184	50215
8731	50228
9220	50236
11180	50244
14823	50251
1915	50252
11180	50284
21718	50307
21587	50397
2200	50464
4313	50468
4313	50836
9064	50849
8946	50853
21983	50867
19437	50885
15050	50946
4313	50947
6204	50970
18458	50989
15053	51018
17444	51060
3126	51095
2866	51102
2866	51115
13163	51154
18179	51155
15000	51211
12381	51221
1915	51401
4168	51529
16525	51545
4168	51612
12986	51691
13774	51775
10027	51782
7838	51784
28	51814
1626	51825
1703	51848
9938	51870
227	51924
13844	51933
453	51953
19645	52014
2988	52022
16474	52080
1999	52085
9762	52106
22402	52127
1999	52129
6371	52146
6550	52190
14718	52284
3108	52316
22469	52327
4630	52366
22488	52384
17699	52408
22469	52421
22468	52422
1717	52427
4313	52448
22515	52454
22535	52498
1900	52526
4191	52530
8	52604
18507	52628
18220	52695
4672	52759
12808	52763
1935	52792
16201	52904
15155	52912
22716	52941
11237	52946
2805	52984
2937	52985
5681	52999
2442	53004
2442	53005
3730	53011
18371	53021
8649	53035
8649	53037
8649	53038
11249	53039
22753	53043
82	53054
2556	53056
4206	53143
22637	53157
3670	53167
4578	53198
3136	53233
3136	53234
8030	53282
3724	53332
16053	53335
2767	53352
1708	53408
691	53414
16542	53434
22930	53446
22930	53447
22930	53448
16823	53517
3136	53568
3136	53569
22976	53573
2846	53627
3727	53637
3727	53641
2758	53695
3855	53721
6350	53733
6138	53735
2923	53848
23101	53902
2123	53911
16447	53950
23130	53951
4672	53958
2555	53962
23140	53964
23151	53979
23154	53983
4672	54015
23035	54074
6138	54075
6290	54085
295	54123
1708	54133
1690	54209
21163	54280
2638	54287
4684	54289
16281	54313
14932	54358
493	54411
493	54412
11984	54421
15437	54514
23478	54531
16289	54544
2638	54578
23520	54600
4959	54603
6138	54610
1602	54653
15538	54654
23458	54655
2937	54656
16825	54675
8233	54680
15578	54725
20934	54734
23587	54752
3784	54758
8443	54760
6861	54776
6138	54777
7499	54824
15198	54883
29	54910
16293	54937
23779	55084
2583	55099
4752	55120
23817	55166
5300	55187
16525	55190
1704	55197
1704	55199
23842	55206
2596	55287
7496	55315
23273	55345
2556	55373
23912	55383
245	55473
475	55512
3727	55522
11059	55526
2427	55581
350	55709
1946	55757
2596	55765
24141	55772
3999	55777
2558	55813
3852	55816
1607	55828
1648	55839
1915	55844
19681	55932
869	55950
3091	55978
461	55990
7661	56030
16611	56066
16293	56321
4126	56346
425	56473
2691	56489
18506	56611
2874	56659
23140	56670
18373	56821
1069	56830
24660	56918
5884	56948
19980	57190
2791	57216
2914	57220
279	57228
14208	57233
37	57234
3588	57238
97	57242
17171	57244
365	57247
140	57248
3588	57257
2865	57293
153	57295
4033	57365
4965	57384
4879	57415
4564	57425
6043	57448
24888	57454
3960	57474
4726	57517
10236	57604
1651	57781
425	57827
17285	57895
18399	58005
3153	58092
18656	58100
3730	58112
2933	58205
3999	58229
1894	58315
153	58476
4558	58653
2555	58912
3019	58952
190	58964
25716	59125
4558	59154
6577	59237
16800	59238
2559	59257
5597	59473
3103	59504
5701	59769
10711	59773
12151	59783
26027	59788
19022	59792
10711	59795
26030	59796
26030	59832
709	59951
10711	60055
15104	60063
10191	60069
26158	60098
13187	60126
13187	60127
26173	60133
14565	60154
200	60186
26209	60227
26255	60296
12151	60324
10336	60407
9295	60415
14018	60424
3013	60441
12151	60600
4106	60689
4083	60699
17344	60776
2587	60792
8988	60818
361	60832
19490	60833
5254	60835
19	60842
8764	60850
17474	60858
17404	60859
9703	60867
23038	60894
432	60902
432	60903
8804	60911
11033	60916
11	60926
26586	60934
1358	60941
11033	61043
51	61050
60	61101
26654	61102
13317	61118
26667	61130
3938	61135
4467	61146
2559	61166
19239	61189
8890	61193
245	61200
17443	61204
350	61212
8035	61287
517	61305
15654	61353
20479	61357
8649	61370
4023	61372
26809	61386
3141	61388
26813	61396
436	61442
26840	61449
5778	61480
18212	61551
13163	61569
495	61578
13159	61604
186	61605
2673	61609
26813	61611
17443	61615
8597	61616
3916	61618
3026	61619
10330	61647
7545	61658
26975	61741
163	61748
33	61765
15810	61852
3885	61867
3909	61918
1704	61925
3909	61948
4397	61951
4397	61963
7661	61977
16	61981
10724	62031
412	62087
26512	62088
238	62112
520	62157
10236	62165
1825	62167
5300	62244
27155	62255
16289	62262
11266	62285
14809	62288
16428	62291
3200	62297
1708	62299
238	62300
23912	62326
4083	62348
3136	62370
3136	62371
3136	62372
16680	62375
3136	62399
18989	62421
8030	62431
9487	62436
11237	62456
4117	62480
17414	62488
4165	62491
4168	62520
3730	62522
17349	62535
17349	62551
11245	62584
4083	62657
20281	62706
4083	62714
27337	62729
7907	62734
3019	62753
27357	62768
140	62789
4398	62816
27379	62836
8039	62870
520	62900
27410	62916
26160	62923
10046	62959
4890	62966
4165	62989
4596	63003
4482	63015
2846	63054
3027	63055
17404	63081
3027	63092
24292	63102
27243	63130
12236	63138
1789	63151
499	63160
840	63179
27533	63251
6067	63255
26747	63278
7272	63279
27556	63295
27585	63351
1711	63366
27594	63367
2487	63396
4586	63469
16525	63477
27638	63482
23478	63497
27673	63568
2437	63649
2799	63668
15385	63669
4399	63693
18507	63727
6891	63739
27747	63748
4025	63750
27748	63751
27749	63752
8856	63797
489	63806
1664	63816
5128	63871
23461	63933
6891	63947
10395	63952
465	64062
13344	64066
3897	64088
27848	64089
13253	64115
5590	64127
15385	64139
3731	64147
9760	64152
9762	64154
16252	64158
18947	64171
5590	64172
1774	64214
10395	64221
10395	64326
84	64467
2267	64482
10121	64483
2562	64484
4455	64485
17794	64486
6047	64488
14876	64524
20031	64534
2000	64538
691	64614
424	64631
16078	64708
19980	64709
4672	64744
3076	64748
1690	64779
380	64787
1998	64793
380	64806
28116	64852
2926	64854
16574	64885
15003	64932
28154	64983
3128	65006
11266	65029
28168	65030
4242	65037
28142	65047
15026	65073
2301	65211
368	65221
8852	65233
3717	65252
259	65313
3841	65319
238	65345
15120	65367
15119	65368
514	65389
23146	65411
6270	65427
238	65431
2301	65457
380	65488
28314	65509
4459	65551
3318	65567
3590	65591
20700	65608
3514	65642
1338	65646
1774	65667
1605	65673
4603	65681
28383	65695
28388	65710
18030	65735
2570	65739
28306	65760
93	65774
3739	65842
13300	65896
28458	65897
28210	65901
11281	65921
16480	65944
16574	65951
19339	65966
64	66025
1708	66038
4459	66063
4721	66064
28314	66075
16574	66082
27	66106
15313	66109
15191	66157
1708	66164
840	66205
15437	66206
840	66210
16269	66230
16281	66236
248	66245
9473	66313
16825	66330
22955	66362
172	66425
1602	66429
28388	66448
17681	66450
8132	66455
17706	66467
453	66481
16889	66498
4171	66514
7916	66524
475	66530
8170	66588
12566	66625
238	66627
1092	66647
28688	66676
27059	66712
5613	66716
15820	66724
23151	66732
145	66797
28733	66813
3136	66826
1708	66830
2976	66831
1690	66845
110	66857
28749	66875
514	66890
1675	66925
4171	66939
4459	66949
869	66974
28778	66980
4171	66981
1532	67090
25515	67094
15594	67118
869	67146
25046	67161
238	67247
10315	67256
1521	67299
16	67316
7907	67320
7906	67321
28852	67332
4532	67335
11305	67343
14871	67364
336	67365
9875	67366
2763	67416
301	67422
16062	67478
406	67487
4249	67493
2871	67494
28889	67501
1774	67533
709	67535
869	67562
9537	67564
10191	67572
1625	67596
520	67615
1826	67619
4187	67638
6270	67645
3670	67654
4249	67696
481	67751
28943	67779
4672	67790
2585	67816
28973	67867
2559	67874
13347	67894
3045	67906
10306	67908
13624	67913
6262	67920
10539	67932
844	67958
2475	68001
16269	68002
16269	68003
29034	68010
4609	68034
4127	68111
29069	68139
22761	68144
29079	68170
4780	68198
259	68203
259	68206
3792	68264
2586	68291
4609	68344
15608	68364
11224	68380
198	68397
5717	68426
6120	68436
2596	68444
259	68466
3724	68472
29065	68474
29065	68475
4127	68497
11179	68517
5717	68520
481	68558
368	68632
20900	68684
29122	68691
697	68707
29204	68731
6379	68759
29177	68775
1899	68798
11285	68802
266	68858
22962	68872
391	68897
9638	68905
135	68909
424	68992
424	69010
29341	69076
424	69091
1793	69096
135	69127
1792	69132
29227	69157
3380	69166
1899	69167
1666	69202
15160	69239
132	69253
3909	69334
489	69426
5717	69431
10398	69456
266	69496
14209	69555
424	69560
22637	69568
29535	69581
7029	69611
37	69624
37	69625
172	69686
16214	69722
5069	69730
467	69847
5619	69887
85	69904
21163	69955
1074	70604
4008	70671
973	70915
27243	70979
14932	71044
11474	71128
6040	71216
18852	71219
6896	71483
30374	71569
30412	71651
9826	71776
19349	71781
2689	71797
7990	71844
22923	71851
22923	71965
22923	71982
3909	72036
486	72083
15425	72126
15852	72127
8450	72144
30366	72193
17809	72197
11072	72263
30640	72267
9766	72269
2673	72436
5818	72553
3890	72562
429	72592
9615	72665
2932	72690
9778	72715
1301	72807
4596	72850
711	72851
29069	72895
4170	72984
1594	73215
2252	73563
1144	73846
1074	74021
29069	74023
857	74045
9746	74149
12808	74230
6844	74257
6844	74259
6230	74329
6230	74345
1513	74349
30412	75414
1513	75474
243	75620
8800	75644
8800	75646
2694	75647
30366	75654
12597	75895
31872	76024
3739	76027
32155	76206
1491	76264
1491	76324
15851	76347
31872	76348
1535	76367
6766	76369
32248	76454
2950	76561
16889	76767
16889	76772
14726	77033
1772	77085
1339	77122
85	77165
85	77166
384	77250
422	77337
32559	77379
18899	77389
18899	77390
14792	77436
30366	77438
3915	77443
2287	77766
7600	77798
6014	77816
8358	77848
15852	77850
30284	77855
20895	77868
1599	77871
51	77879
7058	77882
278	77884
278	77910
222	77917
8014	77918
20449	77927
7058	77929
1680	77936
32732	77946
1502	77964
3057	78000
32793	78045
222	78131
8358	78132
3057	78196
27749	78227
23478	78266
32732	78283
1767	78284
8597	78286
15653	78295
20895	78297
517	78315
3916	78316
110	78363
172	78366
5818	78370
6844	78415
278	78439
69	78444
1605	78499
1605	78500
8651	78559
12452	78626
20449	78641
32716	78704
6205	78945
30284	78971
6205	78992
5031	79051
6205	79076
17811	79102
17527	79150
8597	79152
3886	79161
28818	79242
1514	79290
3916	79327
258	79411
355	79462
27748	79516
17811	79811
4890	79910
27848	79916
33529	80146
17113	80208
17811	80482
1935	80698
5745	80702
354	80721
365	80722
8040	80781
6189	80822
3695	81116
33908	81163
1666	81168
52	81196
33952	81260
33954	81263
3961	81289
33977	81304
14471	81421
14471	81423
3885	81426
3885	81429
3885	81433
6195	81485
2030	81490
15398	81498
330	81576
1664	81595
34070	81605
523	81627
4171	81743
97	81914
17116	81947
74	81992
5778	82158
840	82196
515	82231
27743	82343
34417	82345
5608	82358
34460	82433
18224	82435
2913	82461
10310	82473
12963	82591
290	82602
34583	82649
18168	82660
34727	82872
16859	82895
18989	82925
23520	82945
14528	83088
34582	83120
9625	83155
9625	83185
15053	83188
34891	83221
4558	83235
4558	83238
4629	83264
23817	83265
10031	83323
16888	83325
3370	83407
250	83428
8996	83535
35041	83550
99	83572
18280	83758
2590	83790
4629	83854
18104	83966
18721	83971
22404	83996
18857	84067
16888	84104
9512	84113
3416	84158
17002	84170
35328	84171
4676	84215
13099	84221
13099	84222
33908	84241
27	84261
32793	84265
35383	84290
2804	84301
20022	84303
23440	84393
35433	84396
34583	84398
35449	84433
2700	84508
1339	84522
35478	84529
16881	84539
7397	84580
35531	84664
28214	84675
4603	84686
8996	84689
15618	84693
5321	84711
375	84735
6395	84759
7323	84787
26747	84788
4126	84834
35614	84856
10882	84866
35622	84868
292	84881
13863	84890
4055	84892
13863	84928
8988	84933
23831	84941
35650	84958
2555	84972
16097	84975
10539	84987
13099	84991
35663	84999
8764	85016
24141	85031
35683	85057
19955	85067
2481	85081
3380	85085
35700	85099
35709	85126
365	85239
18356	85250
18356	85256
473	85267
384	85283
35759	85306
2748	85312
2570	85319
7295	85333
513	85357
513	85359
35759	85378
35434	85384
27585	85387
4544	85396
10294	85399
7272	85414
3806	85419
543	85489
9486	85501
5700	85525
2751	85531
7337	85545
35759	85547
14480	85586
7337	85611
28214	85617
15192	85649
13697	85717
8773	85815
35759	85902
13757	85916
16328	85917
16062	85922
7304	85958
7339	85959
12966	85960
13228	85988
16671	85990
7277	85991
1359	86007
12085	86041
1582	86058
1130	86116
1130	86125
1130	86136
1130	86137
4890	86202
3659	86205
444	86238
1	86299
15867	86300
2694	86324
15891	86333
36130	86338
2846	86378
36163	86441
9473	86511
4684	86545
36197	86558
10724	86573
481	86576
10611	86605
2788	86640
36230	86677
1711	86685
5701	86725
420	86731
445	86754
475	86758
7331	86798
10611	86807
2954	86810
6272	86886
3729	86948
4083	86956
362	86959
245	87007
3019	87009
4083	87010
2954	87046
2954	87068
3027	87104
9876	87127
16776	87147
1708	87156
4034	87166
402	87180
2596	87213
2596	87214
368	87220
166	87289
9876	87305
15688	87320
421	87361
421	87363
383	87367
421	87370
421	87374
36383	87377
99	87384
362	87392
2754	87403
6183	87416
60	87460
526	87470
6799	87471
526	87474
18356	87484
7838	87494
7014	87503
36386	87535
2763	87545
15972	87558
3129	87559
3909	87568
2648	87599
369	87611
2638	87695
7014	87732
6067	87779
421	87788
139	87820
7014	87846
9986	87855
15810	87861
9876	87875
36499	87879
6374	87992
36532	87995
36537	88001
467	88148
34	88152
2604	88395
467	88446
15810	88516
6156	88566
15407	88601
36763	88626
36766	88631
424	88640
424	88641
6904	88756
226	88768
18175	88876
1767	88920
27577	88933
17404	88944
32732	88947
15810	88950
9424	88954
11057	88970
17037	88971
54	88989
3019	89129
840	89135
2673	89139
139	89150
23458	89252
1760	89285
3129	89395
7487	89402
283	89706
420	89796
28120	89909
17109	89931
3268	90074
23458	90239
3103	90398
5782	90476
424	90488
249	90585
8017	90589
840	90733
3390	90823
8889	90903
10724	90952
3019	90958
3019	90963
3019	90971
9688	90989
10309	91004
12452	91270
15642	91271
9577	91403
493	91479
1935	91526
729	91598
3588	91719
2301	91921
329	91925
7990	92132
3019	92135
8731	92171
1682	92187
810	92212
4356	92333
1779	92469
7463	92472
1517	92474
223	92492
16465	92497
8187	92525
18698	92537
9159	92579
27723	92693
152	92722
10489	92723
3019	93190
3103	93216
5397	93252
16711	93294
1998	93313
19239	93320
38546	93407
4041	93444
9864	93447
38556	93466
14857	93505
22488	93677
198	93698
52	93717
384	93731
32216	93789
44	93805
32216	93901
3153	93919
3153	93920
9548	93924
1899	93942
3268	93951
3105	93956
839	93983
4115	93991
38689	93996
12156	94001
839	94062
6108	94193
350	94315
3200	94339
38793	94346
2442	94351
2585	94357
8818	94366
142	94371
10031	94425
11135	94426
16775	94430
38817	94467
1605	94468
6183	94495
9957	94537
8443	94562
354	94578
3413	94599
6290	94626
3199	94650
38873	94684
4398	94691
526	94693
2708	94698
18123	94700
17815	94707
32216	94718
12215	94738
4679	94752
9955	94792
4227	94805
9493	94832
38876	94879
17227	94928
839	94946
839	94992
365	95024
26209	95026
3083	95053
1046	95060
38997	95068
38997	95072
38997	95076
39016	95128
38	95133
6290	95170
839	95171
148	95175
691	95177
365	95207
365	95209
56	95219
56	95220
11097	95221
474	95228
92	95244
5162	95295
9716	95297
56	95311
27337	95325
15154	95335
39096	95422
21482	95425
17815	95442
17815	95443
11984	95456
14208	95472
39105	95486
2708	95490
6799	95544
3845	95558
11521	95567
17404	95633
6122	95657
8520	95686
5945	95720
17811	95791
8520	95792
383	95825
39195	95860
17414	95897
147	95921
6040	95922
269	95966
17160	95969
31496	95973
3841	95981
16524	96014
60	96082
39307	96254
5974	96257
8443	96267
6861	96294
2585	96508
5701	96517
9646	96688
10032	96720
9859	96793
16081	96838
2757	96865
6290	96868
2874	96911
12963	96981
182	96987
2479	97134
8443	97142
8443	97144
16888	97368
15474	97378
35491	97381
17037	97392
11072	97439
7638	97457
6230	97461
39748	97518
2112	97532
2112	97533
9720	97553
23828	97578
2922	97613
2833	97625
9548	97679
35351	97693
2833	97764
13075	97803
39834	97813
39842	97839
14596	97863
281	97870
14238	97896
9868	97900
9868	97901
9529	97936
2558	97938
39885	98008
9859	98108
4101	98190
12186	98244
40000	98250
40019	98324
40017	98348
8233	98366
40077	98537
182	98562
19716	98605
404	98632
3316	98669
15425	98751
148	98942
9932	98963
19872	99006
9860	99028
5596	99084
12164	99262
4202	99297
1301	99336
31105	99389
5842	99428
12186	99538
12135	99638
6230	99718
4083	100028
5611	100124
6379	100153
3387	100181
2479	100257
14726	100343
15437	100449
3357	100455
10523	100458
1704	100529
5833	100544
40908	100578
10523	100664
6773	100826
281	100957
281	100958
686	101003
4959	101041
483	101139
200	101183
281	101235
41156	101276
8794	101277
14289	101338
3007	101339
16891	101345
28823	101387
38689	101409
38997	101411
64	101434
1359	101469
40688	101543
5414	101685
14816	101696
25444	101707
5330	101772
41390	101819
41435	101894
18373	102037
26030	102168
4941	102205
17587	102390
2758	102403
20399	102516
16293	102572
380	102597
1649	102606
9442	102613
4092	102646
6111	102669
249	102776
913	102864
3723	102893
32793	102919
41927	102939
18294	102979
507	103044
41998	103102
26941	103114
15407	103124
12207	103143
35696	103221
153	103410
12085	103585
2478	103587
4588	103588
8443	103592
3837	103610
3940	103631
93	103637
17352	103641
6004	103659
9876	103691
272	103741
6779	103783
13219	103844
9910	103846
3156	103848
14718	103950
17507	103958
42324	103966
22010	103992
18815	104026
16258	104122
7014	104191
548	104197
2585	104270
15334	104274
26209	104275
7644	104292
42435	104304
6779	104384
10112	104532
4134	104594
16421	104595
227	104620
501	104622
445	104638
4967	104700
5884	104705
2776	104707
1268	104755
8879	104781
153	104800
20029	104816
15326	104827
9933	104857
10184	105023
10643	105039
14575	105110
227	105143
19794	105160
9295	105177
9295	105181
20022	105189
16078	105199
6550	105228
9860	105242
17225	105259
4081	105310
9928	105313
5658	105390
2287	105407
7028	105424
141	105447
9847	105448
7838	105453
35642	105513
6198	105522
13917	105525
9295	105532
9430	105534
6366	105541
273	105609
9430	105618
13042	105625
9938	105657
16426	105704
40244	105716
1268	105764
16898	105771
7998	105818
16245	105838
42830	105844
42861	105915
216	105995
19139	106078
42912	106094
32	106159
8696	106169
6561	106180
4482	106203
7339	106210
7339	106212
7339	106213
2508	106240
5891	106321
15949	106326
28383	106413
13715	106418
46	106499
190	106555
27847	106761
3670	106800
27500	106805
27500	106815
13037	106817
42891	106833
7326	106856
1268	106907
1268	106914
16660	107007
75	107116
26713	107120
9868	107195
14819	107211
5700	107236
85	107283
2932	107327
301	107328
28545	107341
43205	107373
2562	107474
16682	107623
16707	107631
2100	107642
12718	107649
6262	107653
5255	107684
2558	107711
224	107777
64	107816
301	107870
301	107976
4343	108158
348	108224
35245	108257
73	108268
97	108361
162	108364
4614	108433
223	108449
27834	108509
43486	108581
365	108583
3153	108852
4399	108916
4112	108923
2301	108963
6334	108972
17842	108986
32732	108990
3336	109022
29399	109036
27750	109060
17414	109061
367	109152
127	109160
1708	109233
424	109274
3013	109277
407	109302
722	109330
17168	109348
276	109456
453	109466
8821	109477
39317	109504
4684	109524
295	109637
2726	109642
10376	109658
249	109722
16776	109724
7031	109848
5616	109868
43624	109872
289	109882
7935	109990
9387	110004
16682	110026
10709	110055
5616	110065
3818	110097
36349	110117
16574	110147
56	110169
12151	110217
5121	110232
140	110268
43581	110282
6561	110309
1359	110371
2833	110468
502	110514
27748	110622
64	110715
15770	110882
3739	111032
1339	111079
35748	111080
507	111086
1708	111093
6306	111118
6346	111167
7326	111218
8040	111265
6249	111282
40191	111307
2442	111316
405	111320
15770	111347
10523	111355
7317	111364
44197	111365
13757	111373
361	111380
13719	111383
4166	111400
4667	111408
22535	111413
691	111423
3939	111431
16775	111458
16775	111463
7907	111474
507	111491
17352	111512
7317	111536
1792	111552
10523	111583
2506	111602
361	111620
44311	111629
991	111636
6004	111667
7909	111691
10523	111703
249	111726
16800	111800
281	111832
13757	111994
99	112080
2301	112150
27748	112233
19716	112271
9559	112301
2258	112410
9822	112445
16800	112446
10093	112482
2539	112524
3999	112577
44240	112609
46	112639
25761	112718
2592	112748
66	112825
5569	112923
9101	112959
9064	112964
20895	112977
13917	112995
15749	113036
36	113039
20399	113040
6173	113041
1607	113048
6545	113106
6545	113108
13745	113149
20895	113150
8947	113155
51	113157
51	113159
12959	113162
412	113163
28560	113171
20399	113176
20895	113191
14305	113192
9461	113196
6545	113233
6173	113236
6173	113237
224	113238
8109	113242
20895	113270
7317	113300
15749	113301
6173	113307
22638	113322
3083	113342
26725	113346
20399	113352
14305	113386
15749	113389
365	113425
26725	113498
89	113520
7990	113525
18175	113602
14718	113653
18273	113690
2442	113698
18273	113722
499	113820
10716	113897
10716	113901
4083	113997
6375	114007
15154	114039
13745	114052
2866	114075
18318	114127
275	114167
11237	114232
15154	114268
45013	114280
2799	114284
35639	114288
10716	114299
10705	114311
18704	114362
45090	114468
19872	114523
38635	114527
15053	114531
3037	114651
4115	114734
2905	114735
19872	114780
9475	114824
22930	114923
5833	114928
15053	114931
6577	115000
30822	115035
6278	115109
36113	115155
6278	115193
7301	115231
15154	115343
1144	115370
227	115620
9933	115639
10704	115721
16671	115985
22515	116053
1947	116177
46	116408
45726	116442
7989	116456
45732	116458
45827	116666
16426	116763
45913	116834
10724	116840
4941	116994
43129	117007
3349	117065
499	117115
15053	117344
12207	117386
13708	117490
3349	118066
6554	118067
3370	118076
3370	118105
28545	118219
27617	118230
8812	118281
46488	118303
412	118333
27898	118413
6366	118439
27869	118570
1958	118631
8197	118651
46665	118685
9313	118721
9313	118722
46688	118755
110	118778
46713	118834
9986	118938
521	118997
16209	119066
15053	119097
15338	119191
6230	119533
11520	119600
40893	119928
33614	120583
36766	120596
46731	120597
36766	120602
8855	120734
7108	120881
12326	120913
21557	120943
15543	121138
8446	121149
47785	121160
366	121608
48114	121751
4006	121963
22806	121980
20893	122007
19645	122028
44020	122241
17095	122257
7959	122306
3721	122391
1671	122399
98	122414
3089	122435
36499	122471
14719	122475
13874	122484
16775	122595
28618	122646
5330	122666
3380	122692
9698	122704
15154	122725
3433	122734
26331	122782
16823	122809
48478	122824
2863	122875
48503	122929
15146	122968
36584	122971
26519	123040
152	123085
4111	123116
245	123154
45090	123160
15053	123169
13541	123201
9430	123257
8890	123261
15053	123268
16881	123286
8989	123309
48581	123312
1958	123447
7332	123481
9179	123578
4115	123651
16176	123687
21148	123718
21583	123753
48676	123811
48676	123816
192	123857
9158	123864
29329	123871
15053	123884
8696	123922
34070	123927
27507	123949
301	123968
32793	123982
51	124026
9	124102
14823	124119
8037	124120
14305	124161
471	124166
2762	124227
3882	124246
14823	124269
3731	124317
22389	124322
59	124390
9141	124440
8852	124455
16758	124532
182	124630
48892	124670
55	124689
14783	124749
15093	124822
4121	124833
14141	124843
3129	124854
28319	124880
36056	124914
10522	124930
46688	124933
48114	125071
13243	125090
49013	125100
55	125118
5031	125151
12986	125294
18175	125328
14008	125349
6847	125444
7946	125563
8988	125572
12968	125651
55	125749
174	125753
9387	125762
43356	125791
517	125825
30624	125829
3026	125921
453	125925
8649	126024
11565	126166
17148	126232
49372	126347
7108	126378
2616	126414
270	126433
6251	126451
517	126523
7644	126640
6576	126725
36386	126824
6371	126871
29227	126922
8649	127201
8649	127203
691	127426
1268	127450
1317	127817
1324	127832
3895	127835
3783	127836
2573	127868
3895	127983
3768	128108
1268	128123
2827	128140
5806	128170
11065	128278
38919	128281
12718	128323
13344	128500
15380	128563
8187	128666
10540	128747
7160	128748
15478	128818
290	128967
8187	129079
10974	129108
3739	129428
200	129434
1326	129645
1321	129655
11135	129896
10395	129975
8034	130031
4083	130136
2705	130142
4031	130284
8035	130285
14480	130302
17408	130413
5254	130442
7323	130530
27749	130595
3916	130597
6668	130603
8034	130636
36383	130702
4044	130737
50880	131090
4679	131103
50925	131217
39917	131778
4264	131932
10687	131994
8165	132100
2558	132303
10711	132374
10464	132417
6346	132427
32559	132590
20399	132729
365	132737
51492	132751
249	132788
17544	132976
51619	133085
93	133136
2481	133268
17061	133623
47	133768
51905	133790
19866	133823
2500	133835
4031	133977
8804	134072
15654	134273
52097	134297
3918	134310
30	134417
13555	134676
9037	134728
85	134752
6668	134898
421	134961
60	135000
17842	135073
33195	135100
36134	135145
422	135151
52302	135172
184	135266
2437	135342
48778	135344
52372	135473
249	135631
33	135824
5649	135919
6004	135953
26997	136139
13253	136157
8804	136192
320	136209
289	136566
6842	136722
8649	136840
8187	136895
458	136949
55	136952
6111	137213
140	137250
2558	137349
192	137385
64	137399
1514	137499
1514	137500
15114	137519
3599	137530
517	137553
27	137554
6668	137577
1514	137589
289	137631
7563	137663
194	137670
365	137750
192	137768
458	137786
12135	137840
22637	137883
4614	137906
279	137983
8671	138001
13630	138039
52909	138052
14528	138068
8362	138110
12780	138192
18271	138211
52980	138280
182	138334
14726	138444
3774	138684
53054	138751
64	138836
64	138844
3588	138956
290	139059
28625	139186
6668	139197
52947	139232
44252	139272
1605	139300
54	139357
36766	139423
1677	139533
5569	139576
3334	139616
20399	139687
290	139697
14726	139779
186	139791
28604	139838
353	139890
14726	140284
15770	140330
2933	140405
6773	140521
15198	141207
181	141213
26034	141279
12599	141295
17408	141401
15543	141462
15543	141499
181	141502
200	141508
53913	141537
424	141557
9986	141583
5254	141591
200	141685
26034	141808
9518	141993
1532	142081
217	142126
324	142172
15338	142265
47705	142299
16585	142413
39690	142522
45986	142708
15654	143040
9387	143122
6230	143356
676	143624
2416	143658
6853	143745
5045	143812
3731	143826
2824	143947
39468	143948
27862	144156
15686	144256
10134	144495
9064	144613
330	144755
11245	144831
7989	144859
16270	144988
1680	145024
6207	145113
41588	145121
125	145998
7488	146105
7488	146106
9064	146122
29088	146161
3577	146168
11	146230
9718	146318
20507	146456
18375	146587
2680	146704
9718	146821
290	147055
1312	147093
269	147145
2638	147304
432	147344
290	147661
9671	147814
142	147832
2416	147980
9909	148036
17978	148071
9847	148088
9847	148308
9695	148368
21092	148415
3129	148494
1626	148526
21092	148539
27863	148725
20328	149086
56369	149217
1991	149218
16889	149240
28214	149291
697	149293
1607	149416
3106	149421
869	149451
56461	149539
19	149667
368	149717
18555	150223
5527	150519
5527	150520
5527	150592
15483	150673
5527	150676
6668	151010
1423	151039
35204	151078
5527	151428
6100	151583
57144	151850
5815	152003
8362	152089
1423	152259
6551	152440
6932	152487
266	152701
1651	152796
131	152803
46786	153010
266	153099
365	153208
5162	153258
41900	153440
2771	153616
57419	154074
1708	154146
5573	154520
4207	154580
3078	154760
5176	154763
16889	154774
9159	154792
58124	154914
8696	155008
1708	155153
840	155339
1677	155360
409	155449
9334	155632
45489	155633
1708	155749
272	155817
1551	155847
4564	155850
16711	155890
9113	156421
28383	156450
424	156471
36163	156550
19022	156571
4482	156599
36197	156620
26747	156627
15063	156653
6120	156688
26732	156885
35644	156977
17181	157195
39917	157303
36197	157429
5212	157572
58782	157595
75	157606
27649	157610
494	157735
2988	157797
3026	157799
10464	157893
6172	157921
2705	157996
16525	158002
14455	158054
22404	158070
212	158202
36153	158442
27	158498
59030	158534
402	158545
29759	158546
52958	158573
40433	158636
1708	158687
212	158875
2664	158885
59122	158899
59124	158908
1708	158931
5030	159058
2258	159172
227	159204
27868	159224
31406	159246
26030	159308
471	159385
17585	159482
9986	159486
4487	159488
64	159834
38798	160056
2294	160063
55194	160064
2352	160065
1477	160078
139	160136
7563	160376
3690	160379
6023	160387
2457	160421
8731	160436
33387	160441
16053	160579
16053	160597
59676	160613
6371	160706
59718	160789
32216	161512
17842	161950
18864	162375
3324	162473
16888	162489
9620	162506
1092	162618
3921	162695
402	162864
6283	162909
2621	162925
489	162947
301	162983
33428	162986
192	163005
192	163009
192	163010
4399	163206
45686	163289
39549	163487
15810	163510
6283	163594
12207	163896
8649	163905
8443	164143
56	164201
9876	164594
16682	165108
3999	165260
11135	165395
8233	165628
61177	165665
3126	165705
32559	165900
1339	165915
3120	166024
245	166254
489	166289
5899	166318
2932	166347
39308	166350
4023	166371
16678	166415
39706	166495
28648	166547
85	166788
489	166791
489	166860
9959	167276
11072	167437
6395	168344
1514	168583
44845	169296
1998	169694
12987	169758
9179	169995
9897	170472
21583	170481
7050	170516
56345	170556
18704	170598
43279	170890
1074	171218
6654	171590
2267	171739
6552	172397
12085	173601
39520	173698
7638	173944
7309	173958
14839	174106
8037	174494
16889	174686
13309	174700
19266	174756
39308	174816
16122	174948
2638	175459
2072	175638
1700	175685
28548	175763
6244	176231
65244	176473
27869	176560
405	176741
10525	176805
4011	177158
4011	177220
15770	177325
16889	177447
85	177475
3909	177514
4607	177592
326	177704
85	177881
2755	177895
2755	177896
85	177998
40433	178182
3057	178193
38614	178387
526	178682
2253	178730
3010	178739
6020	178778
3630	178859
279	178923
64	179034
64	179057
2556	180054
18169	180098
2986	180154
3199	180178
12808	180683
36499	180761
7330	180946
152	181266
10611	181383
9660	181505
8664	181685
489	181887
16428	182071
304	183425
8552	183802
26747	183880
15611	183890
6868	183900
7307	183934
10287	184107
14133	184135
8664	184493
8268	184567
4166	184583
4166	184633
27295	184662
1339	184671
4748	184889
8187	184924
186	185001
67476	185129
2101	185172
4718	185396
67668	185641
67668	185659
17	185664
67678	185682
137	185743
67678	185864
4010	186017
28210	186090
10160	186166
13555	186727
68076	186957
4081	186969
15881	187360
19744	187558
1935	188133
68533	188294
16525	188750
4169	188856
14932	189151
68848	189166
12178	189266
23251	189407
23703	189455
8175	189586
6266	189651
11179	190014
27723	190256
27848	190307
45390	190315
69308	190563
9901	190882
48380	191024
18318	191106
7499	191630
1894	191691
40344	191769
3199	191997
17585	192060
15924	192100
56345	192829
42730	193526
7998	193597
15101	193889
12418	193999
28077	194350
135	194654
9868	194782
3318	194866
19139	194993
33952	195039
15730	195063
11470	195106
2648	195141
2476	195529
2476	195532
19654	195891
517	196249
474	196521
15213	196710
489	196884
7328	197805
14212	198024
29876	199017
7990	199186
5397	199240
7505	199274
368	199382
7505	199445
1358	199497
2748	199642
4	199721
2689	199831
1607	199847
12616	199925
422	199933
4639	200056
20432	200093
13556	200229
2573	200939
6847	200979
35683	201063
19	201076
9000	201150
3887	201337
6847	201643
6847	201647
15338	202518
13697	202929
51905	203001
3770	203723
14998	203886
422	204144
421	204573
52909	204802
17109	204943
16184	205163
4487	205277
4487	205278
3095	205493
182	205678
9876	205745
4669	206057
445	206417
8617	206688
5356	206822
20063	206833
18164	206843
3112	206872
6408	207525
38653	208771
18373	209307
6023	209319
18373	209336
3690	210205
192	211405
7404	211647
444	211755
4083	212163
41156	212314
7661	212657
9716	212743
56345	212753
9141	212867
9716	212952
1514	212982
29204	213689
17991	214286
36396	214324
9424	214462
33	214586
41253	214691
33	214753
3784	215083
8185	215084
10611	215876
1315	215914
3999	216060
12187	216373
28214	216597
78393	216625
3999	217525
11054	217564
14128	218793
6847	218816
429	219065
290	219756
493	220055
15858	220114
79493	220195
139	220746
16881	221254
4175	221864
32793	222057
13874	222363
16881	222715
12718	222734
5176	222775
1582	223410
380	223512
5009	223759
9159	224040
320	224215
10707	224366
80511	224406
11097	224533
6138	225093
58682	225711
35508	226335
54313	226467
7506	226744
13591	226863
36163	226874
227	227224
9237	227316
3971	227480
33952	227921
15571	228163
27309	229055
3721	229058
11744	229136
248	229139
6183	229337
10160	229507
27649	229975
2988	230016
13789	230188
367	230654
3761	231465
18358	231674
16633	231778
722	231968
27185	232131
49141	232917
34356	233435
9292	233645
128	233781
12968	233947
27757	234043
39056	234565
32216	236017
148	236781
453	236798
6334	237205
6334	237473
9550	237569
844	238045
40239	238469
6334	238765
182	238968
9550	239624
54007	241204
3120	241205
3147	241509
10611	241690
3731	242002
31406	242172
2822	242279
11521	242575
7904	242963
79	243279
5527	243470
11843	243791
15610	244075
27265	244147
6040	244414
12151	245376
44312	246738
11664	246926
2821	247095
5903	247472
3590	251176
365	251179
840	251867
27673	253859
8185	254508
8185	254511
530	257260
301	257289
6561	259244
12187	260689
17245	262272
26422	263373
186	263407
39	263651
4581	264758
5604	265798
48225	266294
8136	266436
486	266768
11269	267444
19605	267957
71	268057
11097	268709
12187	269036
23337	269600
353	269877
18340	270058
45489	270544
3787	270847
20399	272829
15191	274879
307	276656
32732	278067
8804	278830
9293	278879
810	278908
8696	279093
7644	279487
7644	279530
59	279977
8443	279987
12187	282291
1459	282479
365	282574
6932	283955
105	285693
7322	286345
6278	287027
2604	287239
3770	288522
1978	289379
65471	289837
9991	292671
6087	293489
2689	293774
5121	296408
2139	298824
5810	299056
2604	304913
54313	305224
35506	307002
46488	307304
353	307702
486	307727
17404	307739
3059	310428
78393	312019
2654	312209
8804	315291
29204	317260
10028	317666
18485	318005
2805	321457
16506	323495
34417	325666
2902	327595
28560	327740
19	328677
39438	330743
182	333003
8233	337005
18271	338029
42363	338088
86119	339399
11984	340585
1767	341003
6171	345260
2558	351124
4166	367154
1415	374849
9570	388890
18236	389474
4718	390380
7545	395436
182	396922
38919	423991
28388	426431
14134	441446
75	488643
40344	489273
1991	495495
41390	523228
2943	525760
41253	554823
6779	572660
360	577110
2732	613276
2354	613277
2869	614376
4619	624666
316	628239
6999	655489
9701	657744
283	657873
157	675128
20	847439
2549	848192
501	848568
2111	864778
15483	864853
2968	909121
6303	941551
84	941875
844	959841
709	959962
709	960303
20	1017083
424	1017428
17699	1059030
38942	1099642
1708	1167532
8010	1212695
46	1225979
7016	1227478
238	1270556
2072	1472169
7833	1472541
1651	1474337
869	1474723
5701	1475689
2988	1486064
115	1634877
3782	1783765
4726	1783907
3960	1784409
407	1784745
351	1786133
368	1805305
3744	1806327
19716	1808071
